0 0 0 0 0 0 0 0 0 0 0 0 0 0 0 0 0 0 0 0 0 0 0 0 0 0 0 0 0 0 0 
0 1 2 3 4 5 6 7 8 9 10 11 12 13 14 15 16 17 18 19 20 21 22 23 24 25 26 27 28 29 30 
0 2 3 4 5 6 7 8 9 10 11 12 13 14 15 16 17 18 19 20 21 22 23 24 25 26 27 28 29 30 31 
0 3 4 1 6 7 8 9 10 11 12 13 14 15 16 17 18 19 20 21 22 23 24 25 26 27 28 29 30 31 32 
0 4 5 6 7 8 9 10 11 12 13 14 15 16 17 18 19 20 21 22 23 24 25 26 27 28 29 30 31 32 33 
0 5 6 7 8 1 2 3 12 13 14 15 16 17 18 19 20 21 22 23 24 25 26 27 28 29 30 31 32 33 34 
0 6 7 8 9 2 3 12 13 14 15 16 17 18 19 20 21 22 23 24 25 26 27 28 29 30 31 32 33 34 35 
0 7 8 9 10 3 12 1 14 15 16 17 18 19 20 21 22 23 24 25 26 27 28 29 30 31 32 33 34 35 36 
0 8 9 10 11 12 13 14 15 16 17 18 19 20 21 22 23 24 25 26 27 28 29 30 31 32 33 34 35 36 37 
0 9 10 11 12 13 14 15 16 1 2 3 4 5 6 7 24 25 26 27 28 29 30 31 32 33 34 35 36 37 38 
0 10 11 12 13 14 15 16 17 2 3 4 5 6 7 24 25 26 27 28 29 30 31 32 33 34 35 36 37 38 39 
0 11 12 13 14 15 16 17 18 3 4 1 6 7 24 25 26 27 28 29 30 31 32 33 34 35 36 37 38 39 40 
0 12 13 14 15 16 17 18 19 4 5 6 7 24 25 26 27 28 29 30 31 32 33 34 35 36 37 38 39 40 41 
0 13 14 15 16 17 18 19 20 5 6 7 24 1 2 3 28 29 30 31 32 33 34 35 36 37 38 39 40 41 42 
0 14 15 16 17 18 19 20 21 6 7 24 25 2 3 28 29 30 31 32 33 34 35 36 37 38 39 40 41 42 43 
0 15 16 17 18 19 20 21 22 7 24 25 26 3 28 1 30 31 32 33 34 35 36 37 38 39 40 41 42 43 44 
0 16 17 18 19 20 21 22 23 24 25 26 27 28 29 30 31 32 33 34 35 36 37 38 39 40 41 42 43 44 45 
0 17 18 19 20 21 22 23 24 25 26 27 28 29 30 31 32 1 2 3 4 5 6 7 8 9 10 11 12 13 14 
0 18 19 20 21 22 23 24 25 26 27 28 29 30 31 32 33 2 3 4 5 6 7 8 9 10 11 12 13 14 15 
0 19 20 21 22 23 24 25 26 27 28 29 30 31 32 33 34 3 4 1 6 7 8 9 10 11 12 13 14 15 48 
0 20 21 22 23 24 25 26 27 28 29 30 31 32 33 34 35 4 5 6 7 8 9 10 11 12 13 14 15 48 49 
0 21 22 23 24 25 26 27 28 29 30 31 32 33 34 35 36 5 6 7 8 1 2 3 12 13 14 15 48 49 50 
0 22 23 24 25 26 27 28 29 30 31 32 33 34 35 36 37 6 7 8 9 2 3 12 13 14 15 48 49 50 51 
0 23 24 25 26 27 28 29 30 31 32 33 34 35 36 37 38 7 8 9 10 3 12 1 14 15 48 49 50 51 52 
0 24 25 26 27 28 29 30 31 32 33 34 35 36 37 38 39 8 9 10 11 12 13 14 15 48 49 50 51 52 53 
0 25 26 27 28 29 30 31 32 33 34 35 36 37 38 39 40 9 10 11 12 13 14 15 48 1 2 3 4 5 6 
0 26 27 28 29 30 31 32 33 34 35 36 37 38 39 40 41 10 11 12 13 14 15 48 49 2 3 4 5 6 7 
0 27 28 29 30 31 32 33 34 35 36 37 38 39 40 41 42 11 12 13 14 15 48 49 50 3 4 1 6 7 56 
0 28 29 30 31 32 33 34 35 36 37 38 39 40 41 42 43 12 13 14 15 48 49 50 51 4 5 6 7 56 57 
0 29 30 31 32 33 34 35 36 37 38 39 40 41 42 43 44 13 14 15 48 49 50 51 52 5 6 7 56 1 2 
0 30 31 32 33 34 35 36 37 38 39 40 41 42 43 44 45 14 15 48 49 50 51 52 53 6 7 56 57 2 3 
